0
0
0
0
0
0
0
0
0
0
0
0
0
0
0
0
0
0
0
0
0
0
0
0
0
0
0
0
0
0
0
0
0
0
0
0
0
0
0
0
0
0
0
0
0
0
0
0
0
0
0
0
0
0
0
0
0
0
0
0
0
0
0
0
0
0
0
0
0
0
0
0
0
0
0
0
0
0
0
0
0
0
0
0
0
0
0
0
0
0
0
0
0
0
0
0
0
0
0
0
-1
0
1
1
0
0
0
-1
-1
1
1
0
-1
0
1
-1
-1
0
-1
0
2
0
-4
-1
0
0
-1
2
0
-1
0
0
1
0
-1
2
1
0
-1
0
0
-1
1
0
1
1
1
-1
2
0
1
1
0
0
0
-1
-1
0
-3
0
1
-2
1
0
-1
-1
-1
1
0
-2
2
1
0
2
-1
0
-2
1
2
1
0
-3
-1
3
-1
0
1
0
-1
6
0
-1
0
1
0
2
-2
2
3
4
3
3
1
0
0
0
1
3
2
1
0
0
1
3
-1
3
0
0
1
3
1
-1
2
1
0
2
3
-2
2
2
-1
2
0
0
4
2
1
0
1
4
2
2
4
1
7
6
1
1
4
1
4
6
4
3
7
1
7
2
3
5
8
3
6
6
1
2
6
7
9
7
4
4
1
5
5
7
0
7
3
10
3
3
7
4
1
2
-1
6
4
4
7
1
5
-1
11
2
-2
6
1
2
2
6
6
6
7
3
8
1
7
7
10
10
6
6
5
2
8
7
7
8
10
7
8
6
4
6
6
6
4
6
6
5
2
10
7
4
5
6
6
7
9
7
7
5
6
5
7
3
8
4
8
9
5
2
0
3
4
7
9
9
6
6
9
8
7
4
6
9
10
6
3
5
3
6
4
5
4
8
9
9
10
9
4
9
11
7
7
4
6
7
9
9
6
8
3
9
9
12
6
14
11
10
13
7
7
7
10
4
10
9
4
7
14
6
7
12
10
10
11
12
5
12
5
5
7
10
7
5
19
9
6
11
6
11
14
5
7
9
15
5
12
6
8
12
10
8
11
7
7
9
7
13
9
12
11
10
10
13
8
11
7
15
8
9
5
11
11
9
7
13
8
10
12
11
14
11
11
7
9
9
12
11
13
7
12
9
7
14
10
8
9
7
12
10
10
16
9
6
11
7
5
14
11
7
6
13
14
13
11
8
12
7
13
8
8
6
11
13
15
12
6
12
7
8
5
11
10
15
6
9
10
11
11
9
7
15
11
15
5
7
11
12
15
14
8
12
9
11
13
13
10
14
11
10
15
10
11
8
14
11
17
9
10
16
6
18
15
10
12
14
11
15
10
15
12
10
7
13
10
9
16
17
10
12
9
13
7
18
17
13
15
13
10
9
14
15
8
15
9
12
17
14
10
14
14
14
13
12
13
16
16
18
9
12
15
11
16
12
18
14
12
15
12
12
13
13
11
17
13
10
14
10
16
13
10
10
12
10
15
17
16
15
17
10
13
12
8
15
11
19
13
8
16
11
11
9
16
14
15
14
5
10
9
8
16
13
5
7
17
10
14
15
16
1
9
2
12
16
13
13
8
15
16
10
13
13
16
14
9
14
10
7
7
17
12
9
17
11
9
11
13
18
11
10
14
12
13
7
11
15
15
10
12
17
6
12
17
13
8
11
12
13
11
16
13
12
16
7
10
10
13
16
12
15
15
10
11
12
8
8
10
14
15
11
20
13
15
8
9
10
8
14
18
8
8
1
12
15
9
16
14
10
11
7
18
16
14
13
16
14
16
9
12
16
18
11
13
16
16
12
14
19
14
11
16
14
7
10
10
13
8
15
13
13
17
15
17
15
14
12
10
10
7
5
16
10
14
14
9
11
10
14
15
12
12
19
17
8
9
10
12
12
10
18
5
17
15
7
7
8
15
15
14
10
19
15
10
17
11
6
7
2
17
16
5
7
17
15
16
13
4
7
11
9
10
13
9
20
9
8
19
14
16
16
19
16
14
15
11
4
14
6
16
13
16
14
14
13
11
10
13
13
10
9
15
19
12
9
20
11
16
16
16
15
17
9
18
12
9
15
14
12
12
9
16
13
22
12
12
5
18
15
11
13
15
10
18
15
14
15
13
12
4
11
6
16
12
17
15
17
16
9
8
17
17
13
16
6
11
10
15
18
12
16
15
8
10
7
12
12
15
18
14
16
10
14
11
