1
0
2
-1
0
1
-2
0
1
1
1
2
0
1
-3
-1
-1
1
1
-3
-1
-2
-1
1
0
-1
-3
0
2
-1
0
-1
-1
0
-1
-1
0
-1
-1
-1
-2
2
0
1
-1
-2
0
1
1
0
0
0
0
1
0
-1
2
0
0
-1
2
0
2
2
0
-1
0
1
0
0
-2
2
0
1
0
3
2
2
0
-1
3
-3
2
0
0
0
2
2
4
2
-1
0
-1
1
4
5
2
-1
0
3
1
2
5
2
2
1
-1
1
4
1
4
0
3
2
-3
1
1
0
4
0
5
1
0
-1
-1
5
0
1
0
0
2
2
1
1
-2
2
0
4
7
0
7
3
2
2
2
4
2
2
2
6
-2
0
4
1
6
3
6
6
4
1
-2
0
2
0
2
1
5
6
1
11
4
3
1
4
6
1
0
1
2
1
4
3
9
5
7
4
3
3
3
0
5
4
1
11
1
9
4
0
5
3
5
6
2
0
4
2
11
0
0
6
2
2
4
7
9
4
2
5
4
8
5
10
6
0
0
4
4
4
5
8
3
13
8
8
7
6
6
2
6
5
4
5
8
3
11
4
8
10
12
5
12
12
6
3
2
4
4
8
8
4
4
3
4
8
12
10
10
6
14
11
5
8
7
10
8
11
8
4
12
8
3
9
9
16
6
4
13
2
5
4
13
9
11
2
8
6
6
1
10
10
3
10
13
6
13
9
4
4
1
4
5
4
6
9
6
0
13
19
3
3
22
15
3
13
16
6
12
7
9
11
14
12
8
5
5
9
12
9
1
7
8
18
0
12
16
2
11
5
7
13
12
3
11
8
7
6
5
12
17
8
9
14
0
10
7
14
12
0
5
13
7
8
16
9
4
7
13
16
6
20
4
8
7
14
9
11
7
10
14
6
16
15
18
14
15
11
16
8
14
9
17
10
11
8
4
8
9
13
15
10
5
8
10
13
21
16
18
9
13
2
12
4
17
13
2
9
7
16
13
10
9
16
11
13
13
15
11
10
20
14
12
10
12
15
15
13
10
5
9
17
9
19
8
14
17
15
16
6
13
17
9
8
14
9
18
12
17
16
16
12
10
11
7
15
18
20
13
17
18
15
22
12
12
21
14
9
19
14
15
18
12
11
10
16
5
9
18
14
17
6
21
13
14
9
15
19
19
16
15
14
12
19
7
19
18
13
13
14
17
10
16
12
18
11
16
16
14
9
16
18
15
13
18
14
11
14
17
14
16
12
17
12
16
11
18
12
12
10
17
16
10
15
14
14
20
17
14
10
14
15
11
15
16
21
17
17
11
19
18
6
14
19
18
13
13
17
20
12
13
23
12
14
14
8
18
15
16
13
18
16
12
19
13
10
17
13
19
12
14
18
15
13
19
8
16
15
14
3
8
18
12
16
16
17
19
17
18
9
21
20
14
7
10
17
14
18
22
8
16
15
17
18
17
21
19
11
10
20
24
15
9
11
17
14
21
16
15
16
16
4
11
15
8
15
16
15
16
17
9
21
13
17
18
6
11
15
19
19
13
14
17
19
14
5
19
21
5
13
9
19
12
10
20
23
13
13
21
16
17
19
17
16
17
11
18
16
18
23
9
16
19
22
13
17
13
18
15
9
20
9
10
12
18
22
18
12
13
11
16
18
9
5
11
16
12
14
18
21
14
11
12
14
15
10
15
18
21
8
18
18
19
16
18
11
19
13
17
20
10
17
11
4
18
22
16
15
17
12
19
12
15
3
15
11
16
20
19
18
18
22
19
19
13
16
11
9
12
12
18
14
17
19
14
15
15
19
8
7
15
6
10
15
14
13
17
16
13
20
21
21
16
12
15
15
15
20
17
20
12
11
16
15
13
15
17
14
12
10
21
8
16
17
17
17
21
8
17
12
7
19
19
17
17
10
9
20
13
15
5
11
16
10
18
13
13
6
16
17
6
18
16
7
13
14
15
14
15
7
20
20
15
17
19
22
20
20
15
22
17
15
21
22
20
17
13
20
21
17
23
20
16
12
21
15
19
13
5
17
9
15
21
19
13
9
12
7
12
16
16
6
18
11
8
6
13
11
17
17
26
14
19
20
14
11
22
18
14
22
20
18
25
15
17
17
18
16
18
14
19
16
14
21
19
4
11
16
19
14
14
8
19
7
8
16
19
18
15
18
18
19
19
13
8
12
13
20
13
15
21
17
12
15
15
19
20
18
13
21
15
9
17
8
16
18
18
16
11
18
17
16
11
14
15
18
12
14
18
12
14
12
11
19
17
18
19
13
14
14
19
22
